p

10001
10001
11111
10001
10001


H

11111
10001
11111
10000
10000


LEVEL2

NOTE:

0000111100
0000111110
0000111111
0000100111
0000100011
0000100011
0000100010
1111100100
1111100000
1111100000


SPADE:

0000110000
0001111000
0011111100
0111111110
1111111111
1111111111
1111111111
0110110110
0001111000
0011111100


HEART:

0111001110
1111111111
1111111111
1101111111
1101111111
0110111110
0111111110
0011111100
0001111000
0000110000


CLOVER:

0000110000
0001111000
0001111000
0110110110
1111111111
1111111111
1111111111
0110110110
0000110000
0011111100


DOLLAR SIGN:

0001001000
0111111111
1111111111
1101001000
1111111110
0111111111
0001001011
1111111111
1111111110
0001001000


LEVEL3

CRESCENT

0001111000
0111111100
0111100010
1111000000
1111000000
1111000000
1111000000
0111100010
0111111100
0001111000


STAR

0000110000
0001111000
0001111000
1111111111
1101111111
0110111110
0010111100
0111111110
0111001110
1110000111


APPLE

0000110000
0000100000
0111011110
1101111111
1111111111
1011111111
1011111111
1101111111
0111111110
0011111100


CACTUS

0000110000
0001111011
0001111011
1101111011
1101111111
1101111110
1111111000
0111111000
0001111000
0001111000






